3.468
3.397
3.362
3.344
3.336
3.331
3.329
3.328
3.327
3.327
3.327
3.327
3.327
3.327
3.326
3.326
3.326
3.326
3.326
3.326
3.326
3.326
3.326
3.326
3.326
3.326
3.326
3.326
3.326
3.326
3.326
3.323
3.320
3.317
3.314
3.312
3.309
3.306
3.303
3.301
3.298
3.297
3.295
3.294
3.293
3.291
3.290
3.289
3.288
3.286
3.285
3.285
3.285
3.285
3.284
3.284
3.284
3.284
3.284
3.284
3.284
3.283
3.283
3.283
3.282
3.282
3.282
3.282
3.281
3.281
3.281
3.277
3.274
3.271
3.268
3.265
3.261
3.258
3.255
3.252
3.248
3.244
3.239
3.234
3.230
3.225
3.221
3.216
3.211
3.207
3.202
3.201
3.199
3.195
3.188
3.172
3.141
3.080
2.956
2.710
2.709